Generation 1 results
834.1292736583265
768.3234734214848
763.0236878339526
741.6763944862034
730.5592545187613
729.1262174862985
728.0724304477178
725.1842804533254
724.0606068975206
719.3689050654312
============================
Generation 2 results
832.1691868938938
799.7290507139097
771.1489344766001
758.6250868451683
754.0338310761045
746.301785491894
739.2805952923858
735.5827677879497
733.7035936657921
732.9559150307448
============================
Generation 3 results
840.6590324180762
836.4431403562643
812.5373256800111
778.3085524368207
773.9924546427033
764.6443706672571
752.912857316603
750.6999163087213
750.1261845295778
749.6730675562368
============================
Generation 4 results
835.4205319591251
786.8318435354939
778.0096333766322
761.0930684016956
754.2342980887494
748.6387673724882
741.8261094385684
740.3325369634302
739.1106349375177
735.1178832878147
============================
Generation 5 results
840.3916506428366
832.1999409132151
815.8168098985889
764.5237248072765
762.3383301818722
752.1438515368623
744.8593332101627
741.1274766313786
736.6521765637368
734.2454072468425
============================
Generation 6 results
829.4209556470146
793.6950021674779
766.246679204097
755.3485869794907
752.445293366358
746.5120749624479
740.6272223616139
732.8469191658957
729.1384241428045
721.2817332218234
============================
Generation 7 results
838.6563873486925
837.5372229484822
809.4873167186291
765.5559290547866
765.3381112503608
762.7965055012836
762.2120794173326
762.0763595522088
758.7492495170194
753.521210240447
============================
Generation 8 results
849.371559261359
837.6670003413691
788.3715746467991
781.5358428492996
760.9267638386442
758.7787073395291
753.6907154452069
751.0576643529402
749.9676686448638
749.8044212236739
============================
Generation 9 results
845.2273064486415
839.602081460151
832.9456856431339
811.1105281841645
798.8262138492012
777.4136661393185
774.5103884993816
771.343254346839
767.5633581950564
767.1741919785594
============================
Generation 10 results
854.9850797131376
835.038011094321
831.9094386727577
794.3241793459194
774.1659884104323
758.8639193139244
755.9923314253263
754.7930024745302
750.3727738676445
743.2725556190213
============================
Generation 11 results
840.9805974264218
840.201248518903
837.0646471023683
813.9035507680364
801.2240211490052
785.6810507680359
773.0714878300395
758.98109277192
755.6083411067605
755.1198941399844
============================
Generation 12 results
860.0186318534185
839.0592744387312
836.6182967853011
816.8971864808656
796.0938531475337
775.7131263913068
767.0402524789409
764.0188827955883
762.6563438341661
757.0923680787607
============================
Generation 13 results
837.9230528633994
837.2602811019161
831.414792556181
825.3420312036056
806.310880044827
797.1264089485271
780.8193590537161
780.2667133781591
777.7422612503381
777.0573318634879
============================
Generation 14 results
850.3617380906929
841.9010361767566
835.9629920796435
827.9885695935121
821.1892085147227
809.1804555946821
791.4564555946808
779.3887327474625
766.3376125854583
761.5609500165948
============================
Generation 15 results
857.8831542870097
835.1577248511982
831.5332413660602
830.0455057566613
808.842073402501
806.67767625206
802.4955276742453
799.3874158943289
797.8895095853923
792.5568570809128
============================
Generation 16 results
859.9693378112778
853.0694122799274
848.2937364170402
842.7106377928503
836.9283436421545
832.6403358745633
824.4625411502387
822.7079268294724
819.5747930625827
810.0175917324607
============================
Generation 17 results
921.8987077722163
900.4358577734524
884.3915170594662
857.8348077586763
852.815845968735
849.1486067580178
841.9233297877365
839.2901753127377
837.3568149930917
829.9961464736076
============================
Generation 18 results
891.1755873426184
872.2880583502679
870.9252273252765
863.6139974069476
863.2517748478242
856.3312823423796
855.9885789278709
854.7964136308881
844.5064977315219
843.8103489721154
============================
Generation 19 results
949.6203115620823
891.9569782321137
883.9702048531059
878.8844200188233
875.9966427565068
872.2697931967444
868.5327788130094
868.0385427381212
863.7101357814431
860.8470292687152
============================
Generation 20 results
890.7698729971544
889.3315433511283
882.6327568719354
871.1414668663928
863.4063359816605
863.0964159652492
862.2021938939872
860.3075742663067
858.5634835900321
858.3860786824554
============================
Generation 21 results
944.8363169393082
891.4818720309062
889.1928127224523
886.805766717208
884.6591796815349
882.163215933365
878.9055458537235
873.5413345972337
872.0488983531068
866.3065032238972
============================
Generation 22 results
915.5862021838032
897.3268565325042
894.3647180675549
894.1317052592676
893.6241346118455
883.4936435981302
877.0755872631282
873.8243812041784
873.7299343333624
870.5701998634012
============================
Generation 23 results
946.9726642865443
934.9201596727844
934.6304135534384
927.4390128710381
921.8145397237224
918.0312902392927
917.0730477945629
915.0735632916728
913.4613479982048
912.6645417901698
============================
Generation 24 results
899.8665119278351
887.1764338789908
887.0245563611406
884.4212608832006
883.7726413621444
883.2029335131921
883.1921966583747
882.4653350198222
881.7398450559302
876.2729214999487
============================
Generation 25 results
952.9106082277364
951.3176978259431
945.0294602814895
944.658611592089
944.6079412428817
944.1162231723134
941.8547406964998
938.7233741979588
938.5495346949469
934.066911233761
============================
Generation 26 results
918.750210356843
918.5117140744567
907.8298870802093
903.1510915909843
902.842977320432
900.6036376409494
896.6976554464213
896.5385083884718
896.4440021852744
895.4441207596074
============================
Generation 27 results
956.5140142892105
954.1605909156322
949.4042610455481
949.0282470639021
947.5558862417612
946.4538692786037
945.8389873948728
945.7721749809419
945.5786412878878
944.0309532046604
============================
Generation 28 results
919.5929174894886
918.5848427561366
918.276604925807
916.7326775372894
915.0965095999813
912.2109422794038
911.5557228128811
909.6548491450052
907.0349644814364
905.8775234780396
============================
Generation 29 results
958.540782148246
957.9799058965054
955.3869861942946
955.351956497538
954.6394507033255
954.5359903751698
954.1544270226152
953.0896589102679
952.8372825119732
952.5442361809171
============================
Generation 30 results
919.099477842667
911.3998849203728
910.8224066411432
909.3429986985876
908.675105823386
908.0753324934681
907.9619849806141
907.6237713523515
906.6172004913442
905.8754506575608
============================
Generation 31 results
956.3731352812655
955.7752563082815
954.7646921675388
954.0754234998857
954.0286520597506
953.1812693122677
952.9643377456787
952.7374017567167
952.7062302819705
952.6096755926266
============================
Generation 32 results
921.6715491766568
917.6298169577555
911.5052366222117
910.6939647547985
909.877756825332
909.5275729399108
909.5151789023035
908.3527528500152
907.5413197321806
907.4946482558536
============================
Generation 33 results
960.773223368793
959.0380164758063
958.2432223630764
958.150905911782
957.4919599918015
957.270201169129
956.7286174154835
956.6978256862061
956.5871399737939
956.5149037193828
============================
Generation 34 results
915.993159562024
912.9327081131416
910.111737361291
909.1110851177016
908.4406702540222
908.4350207058869
908.2305936777723
908.2289395103783
907.9901562918084
907.9848946201997
============================
Generation 35 results
962.9901473810677
960.8810206870556
959.90514285629
959.86961679415
959.5702663262094
959.2683914849587
959.1485884304429
958.913832200869
958.8342844652321
958.2364895674331
============================
Generation 36 results
916.5502973486659
914.711858243148
911.9283515284885
910.8332736588727
909.6242718719733
909.4332013393711
909.1421381678454
909.0553262658254
908.0494485292439
907.0326296345845
============================
Generation 37 results
960.3359930018736
959.997602857019
959.5535210523426
959.5520271382985
959.344987706702
959.0255459889665
958.4721692306531
958.2271800345314
958.0673904047096
958.0138692738526
============================
Generation 38 results
918.2744129232393
911.266115463842
910.5839008912421
909.2894123027576
908.9934872027269
908.8513887750944
908.2403706024195
908.0946545070608
907.7138789310944
907.3422537431427
============================
Generation 39 results
960.7436643734446
959.4226423004111
959.3140374357312
959.1292493597746
958.4279982454057
958.3853120546089
958.2507573408899
958.2191357724627
957.9785553115969
957.7996215106942
============================
Generation 40 results
915.068197628562
914.5356199542298
914.3438826285461
913.400194047221
913.0633249726728
912.8880238929028
912.8318159708609
912.7133878693031
912.6755643925324
912.1921926901059
============================
Generation 41 results
961.1858643798954
960.9007457678679
960.5306524806651
960.1729843354713
960.1699497922668
959.6418844769368
959.4302325324849
958.9060591789719
958.6826494545555
958.6096049203927
============================
Generation 42 results
921.0279877049652
920.863350784107
920.4187023457253
919.3896203226453
918.2823206622803
917.2356043986274
915.4031687054412
915.1715781944768
915.0947755864238
914.6685129809496
============================
Generation 43 results
962.244726123153
961.4050303945972
961.3223711039866
961.2849255434518
961.1978949898415
960.9010697884711
960.804407103483
960.5055260124532
960.3611207712122
960.3329423131812
============================
Generation 44 results
925.9329352534485
922.3601464468379
921.7352759356797
921.5313958384996
921.3607942269032
921.2991121174573
921.257988640152
921.1255082139796
920.8536120407648
920.8054966129794
============================
Generation 45 results
958.9837089683076
958.9480414795872
958.8135454324962
958.7608718081996
958.7567267943207
958.7522592658738
958.7398825762672
958.7351628564835
958.6132739834444
958.6055591632847
============================
Generation 46 results
917.6776258087945
917.5681869618335
917.4324518112137
917.2312056801751
917.0011479631336
916.5382808387485
916.473339052562
915.6722144200826
914.8483011744614
914.7649047805726
============================
Generation 47 results
960.0988879063224
959.8934263791956
959.8800694074063
959.8692684942619
959.833711254692
959.7938952070185
959.7895325221856
959.7583446238992
959.7521509213461
959.7419523376577
============================
Generation 48 results
921.1877380711161
921.016197926079
920.9827022530143
920.9678668740104
920.9421745191075
920.6114553901699
920.4760919578605
920.4622285698848
920.1825616146645
920.1233789350498
============================
Generation 49 results
961.5508514618897
961.214017875595
960.8386232411755
960.7226348678328
960.6962138548486
960.6874550439563
960.6596152363161
960.6348658970535
960.6348145256393
960.6318849781628
============================
Generation 50 results
921.1607700889468
921.1416348105886
920.9053136159754
920.7703813778635
920.6337610415206
920.6150685059628
920.5692101966547
920.5298153972948
920.5250024644216
920.5220597719219
============================
