pygame 2.6.1 (SDL 2.28.4, Python 3.13.1)
Hello from the pygame community. https://www.pygame.org/contribute.html
Generation 1 results
8.0
8.0
7.0
7.0
7.0
6.0
6.0
6.0
6.0
6.0
============================
Generation 2 results
12.0
8.0
8.0
7.0
7.0
6.0
6.0
6.0
6.0
6.0
============================
Generation 3 results
7.0
7.0
6.0
6.0
6.0
6.0
5.0
5.0
5.0
5.0
============================
Generation 4 results
11.0
7.0
7.0
6.0
6.0
6.0
6.0
6.0
6.0
6.0
============================
Generation 5 results
7.0
6.0
6.0
6.0
6.0
6.0
6.0
6.0
6.0
6.0
============================
Generation 6 results
11.0
6.0
6.0
6.0
6.0
6.0
6.0
5.0
5.0
5.0
============================
Generation 7 results
6.0
6.0
6.0
5.0
5.0
5.0
5.0
5.0
5.0
5.0
============================
Generation 8 results
21.0
9.0
8.0
7.0
7.0
7.0
6.0
6.0
6.0
6.0
============================
Generation 9 results
16.0
9.0
6.0
6.0
6.0
6.0
6.0
5.0
5.0
5.0
============================
Generation 10 results
16.0
8.0
8.0
7.0
7.0
6.0
6.0
6.0
6.0
6.0
============================
Generation 11 results
14.0
12.0
9.0
7.0
7.0
7.0
6.0
6.0
6.0
6.0
============================
Generation 12 results
20.0
18.0
8.0
8.0
8.0
7.0
7.0
6.0
6.0
6.0
============================
Generation 13 results
21.0
11.0
10.0
10.0
9.0
8.0
6.0
6.0
6.0
6.0
============================
Generation 14 results
33.0
24.0
20.0
18.0
16.0
7.0
7.0
6.0
6.0
6.0
============================
Generation 15 results
25.0
16.0
16.0
15.0
15.0
14.0
13.0
13.0
13.0
12.0
============================
Generation 16 results
31.0
31.0
30.0
29.0
27.0
25.0
24.0
24.0
23.0
20.0
============================
Generation 17 results
31.0
29.0
28.0
27.0
26.0
24.0
22.0
22.0
21.0
21.0
============================
Generation 18 results
40.0
39.0
39.0
36.0
35.0
35.0
33.0
33.0
31.0
30.0
============================
Generation 19 results
48.0
46.0
44.0
44.0
43.0
42.0
42.0
40.0
40.0
40.0
============================
Generation 20 results
52.0
49.0
48.0
46.0
44.0
44.0
44.0
43.0
43.0
42.0
============================
Generation 21 results
58.0
56.0
52.0
48.0
46.0
42.0
41.0
41.0
41.0
40.0
============================
Generation 22 results
56.0
56.0
54.0
52.0
51.0
47.0
47.0
46.0
45.0
45.0
============================
Generation 23 results
68.0
60.0
58.0
54.0
51.0
49.0
49.0
48.0
48.0
46.0
============================
Generation 24 results
73.0
73.0
61.0
58.0
55.0
53.0
53.0
52.0
51.0
50.0
============================
Generation 25 results
67.0
66.0
57.0
57.0
51.0
50.0
49.0
49.0
48.0
46.0
============================
Generation 26 results
68.0
58.0
58.0
57.0
56.0
54.0
47.0
46.0
45.0
45.0
============================
Generation 27 results
68.0
65.0
60.0
58.0
57.0
50.0
49.0
49.0
48.0
47.0
============================
Generation 28 results
82.0
58.0
57.0
55.0
54.0
54.0
53.0
51.0
50.0
49.0
============================
Generation 29 results
64.0
64.0
61.0
57.0
56.0
55.0
53.0
52.0
51.0
50.0
============================
