Generation 1 results
764.0225193946791
738.3523572449903
737.5452144346615
736.4908632859284
734.6032545728151
731.3638015070089
731.3027861406077
729.7127014476533
728.6538234920037
725.9189498312373
============================
Generation 2 results
781.6033721322339
779.7203907765263
762.5833575203961
762.4362105808193
756.4025667108693
755.6984523298561
753.648171005444
752.6542910553947
751.6804893371763
748.6020063944059
============================
Generation 3 results
845.5915896833438
768.6957442125043
763.4119521084604
762.0922373672809
755.1286429095795
754.2373490889744
751.7955646411585
746.8878428395699
746.0009548121011
745.8983534075921
============================
Generation 4 results
851.195091565874
834.5034908090927
826.5132067514567
824.2831785162159
782.7237489535357
775.3157010553215
774.3032087472776
772.0637489735319
771.2371347904966
770.5540701255394
============================
Generation 5 results
843.5354521104434
824.0140195028663
815.4840222036632
814.0683771285356
789.0883125058039
782.1327173732587
775.5619021817911
769.2711077394646
768.6081799460836
764.895341835538
============================
Generation 6 results
849.9616186533513
825.2508958956439
823.9369747225732
818.390468801155
811.7980835664852
796.5929548953195
779.0905316489166
775.8473733105972
772.5859630087859
767.5404751346839
============================
Generation 7 results
849.1747478387898
841.8042533467602
828.8220876969528
816.4494550665329
814.6793383325631
808.1141977400789
795.4116740666254
794.2564841442913
793.370907215087
783.493870453997
============================
Generation 8 results
856.969031504608
846.9414648491293
845.4901640266792
830.4100827166914
828.5522793401454
822.4991751395786
814.9361124041823
812.7768029055816
811.2923862806537
805.4220366982981
============================
Generation 9 results
854.8339495137366
847.8641264226582
846.6626787137074
829.203291792444
827.119277488992
820.4771869356607
818.6139394798735
816.3631172121842
815.0474125147184
812.5110255218974
============================
Generation 10 results
952.6501840599593
876.6422654905051
859.21649158396
850.6132061767859
848.8349056435914
848.2230768741767
835.3822444085669
831.3089725974721
829.0337425994796
823.6696246319142
============================
Generation 11 results
953.8181851125578
904.3709744881877
878.7076941758847
862.2693860144348
855.339152590996
853.2132075802971
847.8038074501362
842.2141546865238
835.7833373330332
834.9803567255645
============================
Generation 12 results
952.0705609389555
904.9600498833262
876.2634178294016
865.8060258807967
857.9545368500936
855.3285789835625
855.2766218296146
843.0587968291105
841.7582572168195
839.791965300893
============================
Generation 13 results
948.6921731975219
905.0396324566476
876.6460924798985
876.41618872504
871.9747308607303
867.7705442912459
857.6045120083135
854.7909499566931
853.3705236495283
847.5285390835122
============================
Generation 14 results
950.5668713684722
908.0637490376698
902.5913887644979
901.5805196618151
889.8504393167481
885.241913337226
882.3856930720561
876.5938671582776
874.7409406967377
872.4134335631659
============================
Generation 15 results
950.2543236580832
933.2575158846604
904.78379743575
901.1642541012249
899.9741952985786
895.9427304897583
895.8800526884529
893.9683328098499
887.3892252524994
884.9647052292328
============================
Generation 16 results
949.7896409624244
936.4416161403603
924.2632664064073
924.1897202647953
923.0210075255832
913.8164694502989
910.3019931869403
909.8555876748338
908.9082556643268
907.5143245831495
============================
Generation 17 results
950.213558280966
945.7156488935607
937.8503986421803
937.537459687984
932.991947160501
932.2871877483982
931.650420535466
927.156865944389
926.933175803064
925.8019861358866
============================
Generation 18 results
947.9806336721059
945.828226288769
943.2038670426714
943.0832257359543
940.0316946711774
939.5346210421992
936.1482159039523
935.8829681762293
934.9528858470259
934.651200938346
============================
Generation 19 results
956.1059190688027
953.4309638691095
951.2437566098889
949.9302544243374
948.8005232696622
947.8889338758731
947.7702656626458
947.2876753300468
946.8461510367457
946.4620675821145
============================
Generation 20 results
956.4976278105393
953.3119504491993
951.6426223280148
951.2754914057585
951.2595840469011
951.2085706936365
950.568434938277
950.4150961865348
950.3776029184108
950.3667911943704
============================
Generation 21 results
959.6419761156966
957.7167505716964
957.6575483040508
957.0943323631406
955.4956493849513
954.9747696264685
954.5829429444251
953.9143218421943
953.8716347838749
953.80048722299
============================
Generation 22 results
959.5601118847202
959.1687794781121
957.6638827631531
957.6046127166712
957.5091574717391
957.387314063472
957.3284553793294
956.9373627235437
956.8525154251716
956.6189313712961
============================
Generation 23 results
961.9959660452797
961.3467357597972
961.3025982254592
960.824951960538
960.6245215696338
960.2616397826221
960.1024642213944
959.9321871368155
959.8248908279519
959.6255001205569
============================
Generation 24 results
963.9890958804625
962.3681953522113
962.2493454821296
961.855745559813
961.7033470219877
961.6483243870846
961.5804289076716
961.3842139048095
961.1717375830174
961.1692961859201
============================
Generation 25 results
959.6434327354054
958.9404275856373
958.6986957644403
958.6051264823345
958.4810362319906
958.475346300092
957.9300776115923
957.9171025720145
957.6693523540279
957.6612520933296
============================
Generation 26 results
964.7407761987777
964.2467552734596
964.0875730396906
963.8961516876391
963.8089771940425
963.7710918129208
963.706317172615
963.574244729552
963.5541683526147
963.5106366291894
============================
Generation 27 results
966.4337037398379
965.4698763474323
965.4128254829343
965.3950741351481
965.2429065036767
965.200934069745
965.0435898592909
965.0104443642178
964.8778474888251
964.8453461923625
============================
Generation 28 results
968.3477185539814
968.246348976265
968.0025624059241
967.9659063938211
967.9222662606794
967.5665294946087
967.5446082160921
967.4141055882792
967.3575419100989
967.277720028143
============================
Generation 29 results
966.358114179343
965.8295700637669
965.8064853692115
965.7097090175356
965.6162619474003
965.5814731772949
965.5071787138835
965.4976264382941
965.4849037458869
965.4683747983142
============================
Generation 30 results
969.7537521991401
969.2367526549533
969.1671074264907
969.1404036222003
969.0932019533634
969.0383691633278
968.9425365328407
968.7609970945316
968.7333853516185
968.7154504696033
============================
Generation 31 results
968.152197739145
968.1212131556895
968.0325072802692
967.9691309366449
967.9558465928785
967.9141582940564
967.86411902575
967.8322033899227
967.7544584132257
967.733286692608
============================
Generation 32 results
966.3529366383736
966.3412163357857
966.2816197703536
966.199446674767
966.1631411975335
966.1237016743903
966.1020109934585
966.0895620270562
966.055185770255
966.029752738395
============================
Generation 33 results
970.1627297204586
970.0924218285769
970.0218305427401
969.9759490850563
969.900916560671
969.8862941603405
969.8784991928027
969.811511995418
969.8044316078383
969.7274031816946
============================
Generation 34 results
969.0445108576614
968.8358945264955
968.8239852652897
968.820728858277
968.7580066795223
968.7079469092954
968.6789839198284
968.6662110952338
968.6658201398383
968.6644079015699
============================
Generation 35 results
970.5272151416041
970.4084903236428
970.2032377571908
970.1227887823809
970.1046956276001
970.1009845978695
970.0968613395072
970.0824057387554
970.0260543026577
970.0249273682765
============================
Generation 36 results
969.0982742996506
968.8103988679921
968.7824448372858
968.6985870001978
968.6928890642358
968.6766413066898
968.6662932576502
968.6397712988966
968.6344401354172
968.6332957192423
============================
Generation 37 results
968.7257306372354
968.6357803720058
968.5935893607018
968.5474939530246
968.5246684889668
968.4457780358355
968.4217798200992
968.4001142399721
968.3556067629538
968.3495383404074
============================
